0.480984 158
2.624574 1
0.099990 1
0.061994 2
0.002053 38
0.000320 158
1.807580 1
0.089956 1
0.060048 1
0.089894 1
0.070057 1
0.119950 2
0.002242 39
0.000098 136
0.000016 33
0.000078 35
0.000061 76
0.000083 66
0.000043 33
0.000044 66
0.000041 33
0.000039 33
0.000040 46
0.000038 40
0.000039 44
0.000038 33
0.000063 33
0.000042 33
0.000031 33
0.000028 33
0.000029 33
0.000085 33
0.000010 33
0.000038 33
0.000031 33
0.000024 33
0.000024 45
0.000029 65
0.000028 45
0.000023 33
0.000025 44
0.000029 33
0.000018 46
0.000027 33
0.000029 33
0.000029 38
0.000033 33
0.000034 33
0.000021 33
0.000047 33
0.000047 33
0.000033 53
0.000046 33
0.000030 33
0.000049 60
0.000041 114
0.000038 33
0.000496 158
0.905506 1
0.079937 1
0.417963 1
0.201921 1
0.510053 2
0.008948 66
0.000044 56
0.000595 68
0.000017 2
0.000034 50
0.175054 992
0.000034 147
0.000030 292
0.000057 735
0.000007 292
0.000027 295
0.000050 587
0.000011 147
0.000020 442
0.000046 442
0.000030 297
0.000008 146
0.000009 148
0.000016 297
0.000024 294
0.000024 297
0.000031 443
0.000022 294
0.000022 445
0.000020 146
0.000007 148
0.000007 149
0.000023 294
0.000020 297
0.000026 294
0.000027 445
0.000022 146
0.000010 148
0.000006 149
0.000022 294
0.000032 297
0.000055 885
0.000013 297
0.000008 148
0.000085 1328
0.000040 739
0.000033 591
0.000068 888
0.000015 146
0.000023 445
0.000023 294
0.000010 297
0.000031 443
0.000025 442
0.000008 149
0.000035 442
0.000007 149
0.000026 442
0.000035 443
0.000027 445
0.000008 146
0.000020 148
0.000011 149
0.000019 442
0.000029 297
0.000008 146
0.000018 297
0.000031 442
0.000021 297
0.000026 443
0.000032 442
0.000020 149
0.000018 294
0.000007 148
0.000026 297
0.000007 146
0.000007 148
0.000006 149
0.000026 294
0.000022 297
0.000020 294
0.000020 297
0.000030 294
0.000007 148
0.000019 297
0.000024 443
0.000028 294
0.000024 297
0.000006 148
0.000006 146
0.000021 148
0.000011 297
0.000005 146
0.000022 591
0.000018 297
0.000026 442
0.000025 443
0.000030 445
0.000020 294
0.000026 443
0.000016 148
0.000026 443
0.000024 445
0.000027 443
0.000029 442
0.000028 443
0.000033 445
0.000027 445
0.000029 445
0.000035 446
0.000016 149
0.000005 150
0.000008 149
0.000006 147
0.000034 448
0.000024 446
0.000021 149
0.000008 147
0.000021 448
0.000026 446
0.000031 445
0.000022 446
0.000020 299
0.000016 149
0.000023 446
0.000027 445
0.000032 299
0.000007 147
0.000024 299
0.000006 149
0.000019 296
0.000008 150
0.000020 445
0.000033 446
0.000024 448
0.000028 446
0.000027 149
0.000029 595
0.000007 147
0.000009 149
0.000031 446
0.000025 299
0.000013 296
0.000029 299
0.000010 149
0.000007 147
0.000022 299
0.000008 149
0.000025 446
0.000026 445
0.000015 150
0.000006 149
0.000006 147
0.000031 448
0.000023 296
0.000026 446
0.000022 299
0.000033 445
0.000020 446
0.000022 448
0.000023 296
0.000010 299
0.000029 296
0.000013 150
0.000006 149
0.000006 147
0.000028 448
0.000030 446
0.000022 296
0.000007 149
0.000007 150
0.000019 296
0.000008 149
0.000019 299
0.000010 296
0.000025 299
0.000018 296
0.000024 299
0.000020 296
0.000029 299
0.000028 296
0.000009 150
0.000019 296
0.000008 149
0.000019 299
0.000009 296
0.000028 299
0.000009 147
0.000019 299
0.000008 149
0.000019 296
0.000007 150
0.000020 296
0.000018 317
0.000020 314
0.000012 317
0.000033 472
0.000006 159
0.000014 314
0.000026 317
0.000006 158
0.000029 473
0.000005 158
0.000023 314
0.000030 473
0.000017 149
0.000007 150
0.000014 149
0.000006 147
0.000021 299
0.000013 445
0.000022 299
0.000021 296
0.000024 446
0.000025 299
0.000018 296
0.000009 149
0.000004 150
0.000028 445
0.203792 4095
0.000053 4095
0.000035 4095
0.000030 4095
0.000021 2976
0.000017 464
0.000006 158
0.000045 604
0.000010 147
0.000020 595
0.000029 753
0.094826 4095
0.000051 4095
0.000053 4095
0.000016 4095
0.000023 3126
0.000007 160
0.000030 159
0.000023 316
0.000015 160
0.000025 794
0.000023 476
0.000054 635
0.000007 316
0.000030 635
0.000008 319
0.000028 475
0.000009 319
0.000015 157
0.000021 481
0.000020 457
0.000006 296
0.000020 448
0.000116 3284
0.000016 301
0.000020 629
0.000018 479
0.000022 318
0.000010 481
0.000022 318
0.000020 479
0.000041 799
0.000007 321
0.000029 639
0.000027 459
0.000024 779
0.000025 479
0.000017 478
0.000023 639
0.000010 161
0.000015 478
0.000019 479
0.000017 481
0.000020 479
0.000019 468
0.000021 609
0.000027 639
0.000034 479
0.000030 799
0.267904 4095
0.000062 4095
0.000095 4095
0.000027 4095
0.000024 4095
0.000051 1382
0.000008 148
0.000024 160
0.000013 321
0.000022 158
0.000007 160
0.000023 321
0.000018 479
0.000025 160
0.000007 158
0.000031 639
0.000023 321
0.000021 318
0.000009 301
0.000024 298
0.000022 321
0.000011 160
0.000006 158
0.000023 321
0.000029 318
0.000013 160
0.000015 479
0.000027 321
0.000010 160
0.000023 318
0.000028 321
0.000021 479
0.000024 318
0.000020 321
0.000009 318
0.000009 150
0.000020 301
0.000027 308
0.000020 321
0.000013 158
0.000020 321
0.000021 478
0.000023 321
0.000022 318
0.000028 321
0.000006 158
0.000023 321
0.000010 318
0.000006 160
0.000025 321
0.000021 459
0.000028 298
0.000013 160
0.000021 479
0.000063 1120
0.000012 158
0.000038 799
0.000008 161
0.000017 160
0.000018 318
0.000018 321
0.000020 158
0.000007 160
0.000014 161
0.000011 318
0.000025 301
0.000020 298
0.000019 160
0.000027 321
0.000019 318
0.000031 639
0.000014 321
0.000023 318
0.000017 321
0.000013 318
0.000033 479
0.096237 4095
0.000047 4095
0.000012 1157
0.000007 3794
0.000015 4095
0.000015 1616
0.000065 1118
0.000029 478
0.000029 479
0.000009 150
0.000014 151
0.000021 298
0.000024 481
0.000030 318
0.000008 161
0.000030 799
0.000007 158
0.000006 160
0.000026 639
0.000020 321
0.000020 318
0.000021 321
0.000018 158
0.000021 301
0.000006 458
0.000020 479
0.000028 639
0.000018 481
0.000018 479
0.000020 318
0.000076 2037
0.000074 1278
0.000018 479
0.000036 321
0.000011 478
0.000029 800
0.000022 639
0.000018 318
0.000022 301
0.000019 150
0.000030 148
0.000022 481
0.000026 318
0.000027 161
0.000092 318
0.000069 960
0.000032 318
0.000023 481
0.000025 318
0.000021 321
0.000007 158
0.000016 301
0.000020 298
0.000020 321
0.000007 160
0.000020 318
0.000006 161
0.000021 318
0.000014 160
0.000017 321
0.000007 158
0.000015 321
0.000026 478
0.000027 321
0.000034 639
0.000018 158
0.000032 1090
0.000010 148
0.000024 481
0.000013 158
0.000008 160
0.000006 161
0.000021 478
0.000018 639
0.000018 479
0.000021 637
0.000008 2
0.000006 160
0.000025 321
0.000007 158
0.000023 301
0.000020 150
0.000038 308
0.000020 161
0.000007 160
0.000008 158
0.000022 160
0.000013 321
0.000022 158
0.000008 160
0.000007 161
0.000019 160
0.000025 477
0.000007 2
0.000007 160
0.000026 318
0.000021 321
0.000008 158
0.000016 321
0.000006 318
0.000027 639
0.000017 481
0.000029 158
0.000044 920
0.000011 318
0.000022 321
0.000025 639
0.000006 318
0.000049 1278
0.177645 4095
0.000053 4095
0.000020 4095
0.000020 4095
0.000117 3868
0.000043 481
0.000010 318
0.000055 479
0.000024 321
0.000026 318
0.000041 639
0.000125 1599
0.000018 318
0.000016 150
0.000034 449
0.000026 321
0.000025 318
0.000026 160
0.000007 161
0.000021 318
0.000022 160
0.000006 161
0.000026 318
0.000028 481
0.000026 318
0.000032 321
0.000007 158
0.000007 150
0.000028 301
0.000008 148
0.000007 160
0.000027 321
0.000007 158
0.000019 160
0.000007 161
0.000008 160
0.000025 318
0.000023 321
0.000024 318
0.000022 321
0.000019 318
0.000031 321
0.000008 158
0.000031 160
0.000025 479
0.000009 160
0.000025 161
0.000009 160
0.000006 158
0.000016 301
0.000030 298
0.000008 160
0.000007 161
0.000032 160
0.000006 158
0.000025 481
0.000023 318
0.000039 639
0.000026 321
0.000030 318
0.000007 161
0.000021 318
0.000020 321
0.000026 318
0.000007 150
0.000018 449
0.000019 481
0.000010 318
0.000022 479
0.000019 321
0.000013 160
0.000018 639
0.000019 318
0.000135 2038
0.000020 799
0.000030 639
0.000022 479
0.000018 478
0.000024 321
0.000007 318
0.000017 479
0.000011 321
0.000022 619
0.000024 458
0.000017 639
0.000017 161
0.000007 318
0.000025 799
0.000024 479
0.000019 321
0.000013 318
0.000005 160
0.000048 780
0.000021 458
0.000023 479
0.000021 160
0.000007 321
0.000016 158
0.000007 321
0.000016 318
0.000041 799
0.244789 4095
0.000066 4095
0.000022 4095
0.000017 4095
0.000022 2951
0.000072 639
0.000026 318
0.000088 960
0.000009 158
0.000093 301
0.000015 150
0.000020 469
0.000046 160
0.000031 318
0.000030 161
0.000088 639
0.000076 318
0.000061 481
0.000018 158
0.000027 321
0.000045 160
0.000007 158
0.000020 160
0.000039 321
0.000018 158
0.000023 481
0.000015 158
0.000024 301
0.000046 150
0.000006 146
0.000039 162
0.000022 161
0.000024 318
0.000026 321
0.000029 478
0.000030 321
0.000007 158
0.000014 160
0.000024 321
0.000008 158
0.000028 321
0.000016 160
0.000025 479
0.000007 160
0.000018 158
0.000026 481
0.000026 308
0.000026 301
0.000023 308
0.000034 479
0.000027 321
0.000033 318
0.000008 160
0.000007 161
0.000019 160
0.000015 158
0.000017 321
0.000015 318
0.000024 321
0.000008 160
0.000025 318
0.000032 479
0.000026 321
0.000022 318
0.000023 301
0.000026 298
0.000021 321
0.000028 318
0.000023 321
0.000023 160
0.000029 639
0.000015 158
0.000019 321
0.000043 478
0.000021 321
0.000007 158
0.000120 1729
0.000039 787
0.000006 321
0.000026 318
0.000023 321
0.000007 160
0.000007 158
0.000034 481
0.000021 318
0.000029 321
0.000024 479
0.000023 318
0.000023 321
0.000007 318
0.000034 451
0.000026 308
0.000019 479
0.000031 321
0.000009 160
0.000025 479
0.000037 160
0.000076 479
0.000030 318
0.000029 481
0.000021 158
0.000022 321
0.000008 160
0.000022 639
0.000025 459
0.000019 458
0.000023 800
0.000025 639
0.000023 478
0.000016 321
0.000025 639
0.000007 156
0.000020 2
0.000020 451
0.000006 148
0.000028 321
0.000015 318
0.000023 321
0.000024 160
0.000012 318
0.000021 161
0.000020 318
0.000008 321
0.000029 478
0.000023 321
0.000026 318
0.000019 639
0.000024 321
0.000009 158
0.000023 301
0.000023 298
0.000009 160
0.000011 161
0.000020 318
0.000021 321
0.000019 318
0.000010 160
0.000012 321
0.000017 318
0.000026 321
0.000019 318
0.000021 321
0.000021 479
0.000021 318
0.000021 321
0.000018 318
0.000014 301
0.000021 298
0.000022 321
0.000010 160
0.000020 318
0.000020 321
0.000007 318
0.000024 319
0.000005 2
0.000018 318
0.000025 321
0.000007 158
0.000005 160
0.000020 321
0.000025 479
0.000020 318
0.000019 160
0.000013 321
0.000132 2035
0.000027 321
0.000007 160
0.000035 637
0.000021 160
0.000018 321
0.000021 318
0.000022 321
0.000029 478
0.000019 161
0.000018 318
0.000020 451
0.000029 308
0.000006 161
0.000027 478
0.175514 4095
0.000071 4095
0.000032 4095
0.000017 3410
0.000027 4095
0.000112 3215
0.000018 318
0.000021 451
0.000023 469
0.000024 478
0.000021 639
0.000022 479
0.000009 321
0.000015 160
0.000015 479
0.000008 318
0.000027 639
0.000024 639
0.000007 160
0.000020 479
0.000008 150
0.000010 301
0.000098 1907
0.000043 1118
0.000019 478
0.000040 960
0.000022 639
0.000022 158
0.000013 451
0.000021 469
0.000007 160
0.000029 479
0.000011 316
0.000007 162
0.000047 960
0.000027 318
0.000108 3155
0.000017 479
0.000025 637
0.000009 162
0.000014 161
0.000007 318
0.000008 160
0.000008 321
0.000019 158
0.000010 321
0.000009 160
0.000025 609
0.000030 787
0.000006 160
0.000024 639
0.000024 639
0.000016 161
0.000007 318
0.000006 160
0.000023 321
0.000007 158
0.000017 639
0.000009 150
0.000007 151
0.000006 150
0.000024 629
0.000025 479
0.000024 639
0.000014 160
0.000008 479
0.000023 318
0.000021 639
0.000022 639
0.000007 160
0.000020 479
0.000007 150
0.000006 151
0.000022 458
0.000017 479
0.000023 481
0.000037 957
0.000021 479
0.000026 639
0.000010 160
0.000009 321
0.000024 459
0.000008 298
0.000006 160
0.000021 639
0.000026 479
0.000019 481
0.000025 479
0.000008 318
0.000019 481
0.000020 639
0.000031 797
0.000022 301
0.000024 779
0.000008 318
0.000026 479
0.000019 639
0.000026 639
0.000024 481
0.000023 639
0.000016 318
0.000024 479
0.000009 301
0.000022 458
0.000010 321
0.000054 1436
0.226725 4095
0.000062 4095
0.000036 4095
0.000024 4095
0.000015 3590
0.000017 478
0.000027 321
0.000054 1396
0.000020 321
0.000027 1117
0.000020 479
0.000008 160
0.000010 161
0.000020 478
0.000017 479
0.000016 301
0.000019 619
0.000022 478
0.000008 161
0.000042 1117
0.000023 479
0.000021 481
0.000014 308
0.000006 301
0.000008 148
0.000019 639
0.000025 639
0.000024 481
0.000026 318
0.000020 639
0.000008 321
0.000027 639
0.000014 318
0.000057 780
0.000019 458
0.000024 479
0.000007 160
0.000018 479
0.000020 639
0.000029 799
0.000015 161
0.000026 767
0.000005 150
0.000006 160
0.000009 161
0.000024 639
0.000009 160
0.000006 158
0.000007 160
0.000033 639
0.000026 479
0.000010 160
0.000014 161
0.000015 639
0.000008 160
0.000007 158
0.000020 639
0.000019 451
0.000011 148
0.000016 481
0.000007 158
0.000023 639
0.000022 321
0.000029 639
0.000045 799
0.000019 639
0.000027 609
0.000026 629
0.000009 158
0.000026 321
0.000011 160
0.000007 158
0.000018 321
0.000020 160
0.000007 158
0.000028 639
0.000008 160
0.000017 479
0.000022 301
0.000017 298
0.000028 639
0.000021 321
0.000019 478
0.000019 479
0.000015 321
0.000018 639
0.000009 160
0.000024 639
0.000008 158
0.000025 639
0.000027 759
0.000012 161
0.000022 478
0.000013 161
0.000027 957
0.000025 639
0.000008 160
0.000024 639
0.000025 629
0.000007 151
0.000027 779
0.000015 158
0.000018 639
0.000009 160
0.000020 479
0.000023 481
0.000011 158
0.000020 639
0.000030 321
0.000010 160
0.000008 158
0.000022 481
0.000009 158
0.000016 301
0.000020 619
0.000010 160
0.000021 639
0.000029 479
0.000015 160
0.000016 479
0.000029 639
0.000009 318
0.000006 160
0.000022 479
0.000019 481
0.000024 609
0.000011 148
0.000021 481
0.000025 797
0.000062 1915
0.000017 162
0.000017 479
0.000004 160
0.000022 479
0.000016 301
0.000018 458
0.000007 161
0.000013 478
0.000013 161
0.000022 799
0.000024 479
0.000025 478
0.000005 161
0.000018 478
0.000022 479
0.000021 759
0.000055 1278
0.000025 639
0.000027 800
0.000011 478
0.000020 161
0.000016 478
0.000080 1717
0.000021 481
0.000007 158
0.000026 639
0.000017 481
0.000021 639
0.155906 4095
0.000087 4095
0.000023 4095
0.000024 4095
0.000016 3427
0.000021 301
0.000008 150
0.000021 308
0.000074 321
0.000026 318
0.000050 639
0.000014 161
0.000045 957
0.000008 321
0.000024 318
0.000022 321
0.000018 318
0.000032 481
0.000025 308
0.000021 301
0.000025 308
0.000026 321
0.000017 158
0.000016 321
0.000018 318
0.000026 321
0.000029 318
0.000010 160
0.000016 321
0.000018 318
0.000030 479
0.000029 301
0.000007 150
0.000017 308
0.000031 479
0.000027 321
0.000015 160
0.000021 318
0.000011 161
0.000020 318
0.000007 160
0.000008 161
0.000025 318
0.000018 321
0.000037 478
0.000026 321
0.000018 318
0.000030 321
0.000007 158
0.000008 150
0.000028 301
0.000023 308
0.000020 161
0.000008 160
0.000007 158
0.000025 321
0.000019 318
0.000021 321
0.000026 318
0.000018 321
0.000031 318
0.000007 160
0.000008 161
0.000025 318
0.000007 160
0.000030 321
0.000011 158
0.000014 150
0.000006 151
0.000007 150
0.000021 308
0.000028 321
0.000008 158
0.000007 160
0.000025 321
0.000020 318
0.000019 321
0.000042 479
0.000010 160
0.000025 479
0.000022 318
0.000025 321
0.000028 318
0.000022 321
0.000022 318
0.000022 301
0.000020 298
0.000023 321
0.000023 318
0.000021 321
0.000025 478
0.000043 321
0.000021 158
0.000011 321
0.000031 318
0.000014 160
0.000006 161
0.000006 160
0.000031 308
0.000007 151
0.000019 298
0.000021 321
0.000023 318
0.000029 160
0.000007 161
0.000019 318
0.000022 321
0.000025 318
0.000022 160
0.000010 161
0.000022 318
0.000026 481
0.000029 318
0.000013 161
0.000017 318
0.000013 150
0.000016 301
0.000013 148
0.000017 321
0.000010 160
0.000021 318
0.000013 161
0.000019 318
0.000012 160
0.000018 321
0.000012 158
0.000018 321
0.000021 478
0.000129 2677
0.000018 478
0.000021 321
0.000038 318
0.000026 321
0.000015 158
0.000008 160
0.000024 321
0.000024 318
0.000058 960
0.000019 158
0.000024 481
0.000030 308
0.000024 151
0.000024 298
0.000030 321
0.000020 478
0.000020 161
0.000026 318
0.000007 160
0.000024 479
0.000041 799
0.000009 161
0.000027 318
0.000018 321
0.000007 160
0.000034 479
0.000023 318
0.000008 150
0.000015 151
0.000028 458
0.000023 479
0.000034 481
0.000023 318
0.000008 161
0.000008 160
0.000031 318
0.000012 161
0.000009 318
0.000025 321
0.000027 318
0.000024 321
0.000032 318
0.000015 160
0.000005 161
0.000007 160
0.000023 318
0.000025 321
0.000022 308
0.000024 449
0.000029 321
0.000007 160
0.000017 318
0.000026 321
0.000008 158
0.000020 321
0.000018 318
0.000021 321
0.000013 160
0.000017 318
0.000012 321
0.000023 158
0.000025 481
0.000019 318
0.000028 479
0.000031 321
0.000019 318
0.000021 301
0.000023 298
0.000023 321
0.000016 318
0.000015 160
0.000022 321
0.000020 318
0.000010 321
0.000024 318
0.000027 321
0.000009 158
0.000021 321
0.000018 318
0.000018 321
0.000123 2834
0.000032 160
0.000018 321
0.000020 318
0.000018 321
0.000018 318
0.000007 161
0.000016 318
0.000028 321
0.000033 318
0.000026 321
0.000022 318
0.000009 160
0.000019 321
0.000009 158
0.000007 160
0.000007 161
0.000010 160
0.000024 318
0.000024 321
0.000022 318
0.000020 321
0.000023 479
0.000024 318
0.000026 481
0.000032 459
0.270867 4095
0.000064 4095
0.000070 4095
0.000023 4095
0.000028 3527
0.000024 321
0.000029 478
0.000033 321
0.000006 158
0.000007 160
0.000030 321
0.000010 158
0.000024 481
0.000022 318
0.000085 321
0.000031 318
0.000008 161
0.000026 478
0.000020 321
0.000023 318
0.000033 321
0.000008 158
0.000006 160
0.000031 321
0.000008 158
0.000019 321
0.000021 318
0.000024 321
0.000031 318
0.000007 160
0.000024 321
0.000008 158
0.000008 160
0.000021 161
0.000022 318
0.000010 160
0.000043 639
0.000029 479
0.000022 160
0.000008 161
0.000007 160
0.000035 318
0.000007 161
0.000008 160
0.000027 318
0.000024 321
0.000032 318
0.000010 161
0.000007 160
0.000014 158
0.000024 481
0.000023 318
0.000007 161
0.000021 160
0.000010 158
0.000021 321
0.000024 318
0.000030 321
0.000023 478
0.000026 479
0.000027 160
0.000010 161
0.000019 318
0.000015 160
0.000023 321
0.000008 158
0.000007 160
0.000027 321
0.000018 158
0.000009 160
0.000022 321
0.000007 158
0.000027 321
0.000007 160
0.000007 158
0.000023 160
0.000007 161
0.000007 160
0.000034 318
0.000007 161
0.000008 160
0.000026 318
0.000021 161
0.000015 160
0.000005 158
0.000024 321
0.000008 160
0.000020 158
0.000021 321
0.000019 318
0.000021 321
0.000021 318
0.000027 321
0.000025 478
0.000024 161
0.000007 160
0.000022 320
0.000030 485
0.000030 451
0.000027 148
0.000019 451
0.000026 148
0.000012 321
0.000052 478
0.000030 321
0.000010 158
0.000019 321
0.000022 478
0.000026 321
0.000007 158
0.000020 160
0.000008 161
0.000016 160
0.000005 158
0.000008 160
0.000030 321
0.000007 158
0.000017 321
0.000028 318
0.000031 481
0.000030 318
0.000010 161
0.000008 160
0.000006 158
0.000051 481
0.000046 158
0.000007 160
0.000008 161
0.000029 318
0.000015 160
0.000018 321
0.000008 158
0.000010 160
0.000028 321
0.000008 158
0.000022 321
0.000007 160
0.000022 479
0.000029 318
0.000007 160
0.000008 161
0.000030 318
0.000007 160
0.000008 161
0.000030 318
0.000008 160
0.000012 161
0.000022 478
0.000018 161
0.000023 318
0.000024 321
0.000025 478
0.000020 321
0.000028 308
0.000022 301
0.000009 148
0.000022 301
0.000007 150
0.000016 298
0.000030 151
0.000045 150
0.000018 308
0.000010 161
0.000032 318
0.000021 321
0.000032 318
0.000014 160
0.000011 321
0.000027 158
0.000010 160
0.000022 321
0.000010 158
0.000024 321
0.000023 318
0.000022 160
0.000079 161
0.000022 478
0.000026 321
0.000025 318
0.000032 479
0.000027 321
0.000022 318
0.000025 479
0.000007 2
0.000029 318
0.000026 321
0.000007 158
0.000007 160
0.000010 161
0.000023 318
0.000032 321
0.000018 318
0.000012 160
0.000017 161
0.000015 160
0.000023 639
0.000044 479
0.000025 478
0.000026 161
0.000022 639
0.000031 318
0.000008 160
0.000022 321
0.000007 158
0.000015 321
0.000009 160
0.000033 479
0.000031 318
0.000007 160
0.000021 321
0.000008 158
0.000021 321
0.000007 160
0.000104 2235
0.000015 161
0.000019 160
0.000007 158
0.000031 321
0.000056 1077
0.000027 161
0.000007 160
0.000008 158
0.000031 321
0.000008 160
0.000007 158
0.000025 321
0.000020 160
0.000010 158
0.000015 160
0.000005 161
0.000017 318
0.000025 321
0.000025 318
0.000029 321
0.000007 160
0.000036 639
0.000029 158
0.000010 160
0.000019 321
0.000024 318
0.000022 321
0.000025 318
0.000026 321
0.000026 318
0.000024 321
0.000024 318
0.000022 321
0.000032 316
0.000008 2
0.000016 321
0.000024 318
0.000025 321
0.000024 318
0.000007 161
0.000015 318
0.000030 321
0.000022 318
0.000020 321
0.000016 318
0.000023 321
0.000020 160
0.000008 158
0.000008 160
0.000017 321
0.000022 318
0.000025 321
0.000025 318
0.000023 479
0.000024 321
0.000026 318
0.000024 321
0.000014 160
0.000018 318
0.000024 321
0.000022 318
0.000023 321
0.000025 318
0.000018 161
0.000021 478
0.000024 321
0.000029 318
0.000007 161
0.000015 318
0.000026 301
0.000015 150
0.000022 469
0.362087 4095
0.000187 4095
0.000022 4095
0.000021 4095
0.000018 3269
0.000409 393
0.000075 796
0.000022 270
0.000020 223
0.000160 424
0.000031 316
0.000007 152
0.000029 327
0.000025 304
0.000022 295
0.000024 294
0.000022 301
0.000023 303
0.000032 300
0.000005 150
0.000008 152
0.000023 166
0.000008 157
0.000016 310
0.000018 313
0.000030 302
0.000008 142
0.000007 151
0.000031 300
0.000010 166
0.000023 437
0.000029 303
0.000044 151
0.000008 149
0.000074 1640
0.000022 301
0.000024 285
0.000020 286
0.000022 300
0.000022 304
0.000023 296
0.000021 309
0.000020 298
0.000031 306
0.000007 148
0.000017 156
0.000026 301
0.000056 1080
0.000022 303
0.000025 306
0.000057 722
0.000021 146
0.000008 184
0.000019 300
0.000010 177
0.000029 147
0.000011 184
0.000019 324
0.000021 177
0.000022 354
0.000021 354
0.000036 354
0.000025 354
0.000010 177
0.000021 354
0.000028 354
0.000027 177
0.000040 531
0.000010 177
0.000023 354
0.000027 354
0.000020 151
0.000021 328
0.000020 177
0.000020 354
0.000022 177
0.000031 613
0.000038 447
0.000021 140
0.000008 136
0.000025 305
0.000010 147
0.000012 296
0.000026 152
0.000020 300
0.000007 149
0.000016 147
0.000017 298
0.000017 303
0.000033 450
0.000031 296
0.000007 147
0.000007 149
0.000031 297
0.000008 154
0.000023 298
0.000007 151
0.000018 153
0.000027 441
0.000032 313
0.000008 158
0.000017 153
0.000021 456
0.000023 152
0.000022 308
0.000007 156
0.000009 159
0.000025 295
0.000026 307
0.000008 161
0.000016 296
0.000028 306
0.000007 144
0.000039 300
0.000029 147
0.000020 313
0.000024 303
0.000023 317
0.000021 153
0.000021 155
0.000068 935
0.000027 274
0.000008 137
0.000023 436
0.000055 720
0.000039 142
0.000008 398
0.000019 485
0.000030 464
0.000034 471
0.000026 223
0.000022 277
0.000020 305
0.000031 310
0.000008 153
0.000008 174
0.000030 304
0.000008 147
0.000007 148
0.000027 294
0.000057 604
0.000008 152
0.000006 148
0.000028 302
0.000016 323
0.000030 310
0.000020 313
0.000030 302
0.000008 142
0.000007 151
0.000027 300
0.000031 316
0.000007 145
0.000026 295
0.000021 301
0.000006 149
0.000023 288
0.000015 299
0.000031 297
0.000010 156
0.000006 148
0.000019 302
0.000018 301
0.000025 293
0.000012 286
0.000022 142
0.000007 153
0.000048 147
0.000026 302
0.000006 2
0.000005 145
0.000023 151
0.000005 150
0.000018 159
0.000022 148
0.000021 302
0.000016 302
0.000031 457
0.000030 300
0.000017 160
0.000018 305
0.000006 160
0.000017 155
0.000028 303
0.000008 154
0.000019 152
0.000007 155
0.000009 166
0.000027 251
0.000007 150
0.000007 146
0.000028 184
0.000007 147
0.000008 153
0.000028 177
0.000006 147
0.000027 331
0.000031 354
0.000021 354
0.000024 177
0.000019 354
0.000007 177
0.000030 177
0.000007 177
0.000009 177
0.000027 354
0.000028 354
0.000026 177
0.000008 177
0.000023 354
0.000053 708
0.000010 177
0.000007 151
0.000020 328
0.000028 354
0.000024 354
0.000030 312
0.000008 147
0.000021 300
0.000010 163
0.000007 138
0.000032 430
0.000018 298
0.000031 448
0.000032 300
0.000009 149
0.000007 147
0.000009 150
0.000028 298
0.000019 302
0.000017 152
0.000007 149
0.000023 296
0.000009 147
0.000022 295
0.000023 305
0.000022 298
0.000024 452
0.000010 293
0.000025 471
0.000010 304
0.000022 457
0.000021 464
0.000016 603
0.000025 469
0.000006 146
0.000016 450
0.000010 300
0.000020 460
0.000023 459
0.000008 314
0.000022 464
0.000008 153
0.000018 473
0.000014 274
0.000007 137
0.000006 141
0.000020 432
0.000016 426
0.000010 299
0.000022 398
0.000008 253
0.000017 579
0.000021 475
0.000011 336
0.000014 277
0.000026 463
0.000020 479
0.000018 451
0.000018 442
0.000007 147
0.000017 457
0.000007 152
0.000018 450
0.000016 483
0.000007 150
0.000025 468
0.000025 147
0.000040 1196
0.000010 153
0.000022 450
0.000010 142
0.000007 299
0.000018 146
0.000016 453
0.326516 4095
0.000055 4095
0.000071 4095
0.000025 4095
0.000013 1567
0.000012 147
0.000027 302
0.000035 301
0.000010 145
0.000021 306
0.000023 313
0.000023 153
0.000034 305
0.000008 151
0.000030 305
0.000031 155
0.000010 156
0.000019 303
0.000024 300
0.000025 158
0.000016 161
0.000021 296
0.000018 306
0.000023 144
0.000022 300
0.000026 302
0.000032 312
0.000019 305
0.000020 161
0.000019 308
0.000028 309
0.000022 311
0.000030 449
0.000022 713
0.000045 720
0.000008 142
0.000016 262
0.000024 504
0.000048 234
0.000009 230
0.000008 232
0.000023 472
0.000021 384
0.000035 463
0.000017 305
0.000024 625
0.000009 148
0.000008 146
0.000032 601
0.000029 753
0.000026 633
0.000030 468
0.000007 289
0.000061 912
0.000045 596
0.000031 437
0.000008 153
0.000016 300
0.000041 447
0.000026 302
0.000008 150
0.000009 151
0.000022 150
0.000011 285
0.000030 286
0.000010 153
0.000022 298
0.000007 153
0.000031 296
0.000008 150
0.000027 307
0.000008 150
0.000039 306
0.000068 1218
0.000009 152
0.000021 315
0.000007 160
0.000022 297
0.000007 152
0.000023 440
0.000016 132
0.000005 150
0.000021 146
0.000024 484
0.000026 324
0.000035 331
0.000010 177
0.000017 177
0.000025 354
0.000025 354
0.000040 354
0.000010 177
0.000016 177
0.000009 177
0.000021 354
0.000024 177
0.000017 354
0.000023 175
0.000009 2
0.000027 354
0.000023 354
0.000028 354
0.000038 479
0.000037 354
0.000010 177
0.000008 177
0.000025 177
0.000019 312
0.000020 301
0.000020 146
0.000018 441
0.000025 136
0.000022 452
0.000033 296
0.000031 601
0.000009 147
0.000032 448
0.000031 454
0.000031 296
0.000012 149
0.000007 147
0.000021 295
0.000012 151
0.000007 301
0.000028 302
0.000020 301
0.000022 293
0.000021 313
0.000026 311
0.000020 305
0.000029 456
0.000027 311
0.000028 303
0.000010 151
0.000022 307
0.000010 161
0.000021 296
0.000010 161
0.000020 289
0.000025 300
0.000008 147
0.000018 155
0.000024 461
0.000020 156
0.000019 314
0.000019 311
0.000026 464
0.000023 315
0.000032 411
0.000030 436
0.000029 277
0.000022 286
0.000023 446
0.000023 251
0.000024 368
0.000007 117
0.000016 232
0.000007 115
0.000017 347
0.000022 241
0.000019 346
0.000025 301
0.000011 286
0.000030 447
0.000029 301
0.000055 1179
0.000008 149
0.000014 299
0.000030 303
0.000011 301
0.000028 297
0.000008 149
0.000020 298
0.000008 152
0.000019 296
0.000007 147
0.000015 294
0.000027 300
0.000016 147
0.000034 455
0.000010 148
0.000009 145
0.000016 313
0.000024 311
0.000021 308
0.000051 934
0.000008 146
0.000029 306
0.000007 147
0.000016 302
0.000031 309
0.000011 294
0.000028 296
0.000007 148
0.000029 297
0.000007 155
0.000008 153
0.000031 317
0.000018 312
0.000028 314
0.000026 311
0.000011 306
0.000029 459
0.000031 302
0.000007 154
0.000070 1429
0.000017 282
0.000019 301
0.000010 289
0.000025 251
0.000007 136
0.000017 335
0.000008 234
0.000018 117
0.000018 462
0.000006 115
0.000030 496
0.000020 286
0.000030 298
0.000010 154
0.000008 146
0.000006 163
0.000028 278
0.000011 136
0.000007 154
0.000017 298
0.000028 451
0.000030 298
0.000010 150
0.000009 150
0.000029 302
0.000022 449
0.000028 296
0.000010 151
0.000016 152
0.000018 443
0.000018 149
0.000008 145
0.000022 300
0.000008 147
0.000020 302
0.000011 153
0.000008 148
0.000023 303
0.000007 155
0.000020 311
0.000022 308
0.000019 315
0.000026 300
0.000021 319
0.000024 304
0.000019 148
0.000019 301
0.000008 148
0.000030 309
0.000011 294
0.000029 296
0.000018 295
0.000007 150
0.000016 308
0.000008 151
0.000024 324
0.000029 315
0.000008 153
0.000021 311
0.000019 306
0.000007 152
0.000017 307
0.000017 151
0.000023 305
0.000027 293
0.000013 286
0.000027 277
0.000020 436
0.000026 419
0.000019 144
0.000061 1168
0.000045 581
0.000016 347
0.000027 223
0.000018 273
0.000033 437
0.000021 301
0.000019 447
0.000022 276
0.000083 1351
0.000024 303
0.000014 149
0.000018 299
0.000026 446
0.000026 303
0.000034 441
0.000008 2
0.000016 294
0.000028 300
0.000008 298
0.000025 304
0.000023 293
0.000042 624
0.000012 153
0.000018 311
0.000009 159
0.000020 300
0.000024 319
0.000027 304
0.000026 295
0.000019 302
0.000020 309
0.000021 294
0.000011 144
0.000005 152
0.000016 148
0.000020 452
0.343382 4095
0.000080 4095
0.000026 4095
0.000019 4095
0.000021 2612
0.000017 306
0.000023 309
0.000077 1185
0.000048 713
0.000017 137
0.000021 426
0.000020 299
0.000021 398
0.000063 471
0.000009 115
0.000038 351
0.000033 462
0.000044 623
0.000024 305
0.000022 337
0.000038 520
0.000021 177
0.000020 177
0.000016 354
0.000045 885
0.000033 354
0.000009 177
0.000033 531
0.000033 354
0.000017 354
0.000024 177
0.000025 638
0.000029 531
0.000005 177
0.000023 177
0.000022 453
0.000019 152
0.000019 634
0.000024 184
0.000017 333
0.000006 177
0.000085 1002
0.000016 154
0.000018 323
0.000008 183
0.000023 455
0.000024 277
0.000023 436
0.000017 137
0.000033 725
0.000018 151
0.000007 147
0.000005 147
0.000032 453
0.000026 301
0.000006 153
0.000024 149
0.000020 441
0.000022 301
0.000028 602
0.000023 451
0.000005 303
0.000023 445
0.000021 594
0.000022 298
0.000029 447
0.000016 153
0.000024 301
0.000017 326
0.000024 608
0.000019 313
0.000006 151
0.000013 301
0.000007 299
0.000015 149
0.000019 591
0.000017 603
0.000010 153
0.000021 599
0.000016 313
0.000006 153
0.000022 151
0.000020 607
0.000006 153
0.000020 155
0.000030 615
0.000027 308
0.000029 442
0.000028 452
0.000027 460
0.000035 318
0.000022 460
0.000017 154
0.000020 314
0.000008 161
0.000021 311
0.000029 467
0.000029 464
0.000093 1610
0.000016 258
0.000024 232
0.000008 139
0.000022 446
0.000028 425
0.000026 399
0.000031 345
0.000009 245
0.000026 346
0.000018 119
0.000008 158
0.000017 151
0.000013 154
0.000024 337
0.000008 166
0.000023 354
0.000006 177
0.000017 177
0.000029 354
0.000025 177
0.000006 177
0.000018 354
0.000025 177
0.000008 177
0.000073 1416
0.000013 177
0.000021 354
0.000008 132
0.000008 152
0.000034 354
0.000006 177
0.000017 177
0.000018 354
0.000005 153
0.000020 150
0.000018 302
0.000006 158
0.000019 157
0.000018 319
0.000026 358
0.000026 336
0.000030 348
0.000014 177
0.000021 631
0.000022 323
0.000005 183
0.000032 873
0.000038 572
0.000021 585
0.000019 298
0.000006 147
0.000030 907
0.000028 445
0.000006 145
0.000005 151
0.000024 605
0.000026 300
0.000026 449
0.000008 152
0.000010 151
0.000020 294
0.000007 148
0.000007 148
0.000019 150
0.000006 148
0.000008 149
0.000026 296
0.000026 300
0.000022 454
0.000034 326
0.000010 148
0.000024 460
0.000032 464
0.000037 453
0.000009 296
0.000024 294
0.000028 297
0.000006 154
0.000021 298
0.000013 151
0.000016 301
0.000022 293
0.000017 313
0.000022 311
0.000022 305
0.000019 301
0.000026 460
0.000024 315
0.000025 300
0.000022 308
0.000019 442
0.000027 294
0.000013 158
0.000025 313
0.000029 147
0.000024 476
0.000020 302
0.000009 154
0.000006 314
0.000024 161
0.000009 311
0.000042 1223
0.000007 143
0.000016 276
0.000023 500
0.000006 2
0.000017 397
0.000022 629
0.000005 143
0.000020 303
0.000028 564
0.000017 143
0.000009 234
0.000011 228
0.000021 243
0.000006 2
0.000010 223
0.000021 242
0.000031 463
0.000029 337
0.000024 166
0.000017 354
0.000028 531
0.000019 354
0.000031 354
0.000020 354
0.000026 354
0.000016 354
0.000029 354
0.000029 531
0.000014 354
0.000030 309
0.000008 152
0.000022 354
0.000034 354
0.000012 177
0.000019 330
0.000024 452
0.000023 315
0.000028 319
0.000022 358
0.000009 159
0.000028 364
0.000016 161
0.000018 356
0.000008 151
0.000024 447
0.000032 360
0.000008 177
0.000019 278
0.000011 277
0.000008 141
0.000033 572
0.000030 422
0.000029 314
0.000029 441
0.000017 150
0.000023 457
0.000036 743
0.000009 151
0.000025 452
0.000007 300
0.000019 451
0.000010 303
0.000009 151
0.000027 738
0.000015 150
0.000030 595
0.000023 604
0.000023 621
0.000026 313
0.000018 162
0.000012 451
0.000029 451
0.000011 443
0.000025 451
0.000013 298
0.000023 597
0.000008 461
0.000009 158
0.000027 458
0.000011 301
0.000009 152
0.000026 623
0.000025 608
0.000007 146
0.000009 147
0.000015 293
0.000008 150
0.000026 471
0.000021 767
0.000027 626
0.000024 472
0.000022 622
0.000026 309
0.000029 577
0.374902 4095
0.000065 4095
0.000026 4095
0.000022 4095
0.000018 1114
0.000008 2
0.000019 441
0.000012 151
0.000006 304
0.000020 301
0.000024 598
0.000007 151
0.000009 152
0.000017 445
0.000008 148
0.000024 595
0.000014 296
0.000023 453
0.000007 301
0.000017 474
0.000019 622
0.000035 603
0.000020 448
0.000019 591
0.000015 154
0.000020 602
0.000006 148
0.000018 293
0.000010 158
0.000008 155
0.000020 462
0.000010 154
0.000008 151
0.000019 455
0.000006 155
0.000017 466
0.000007 307
0.000031 734
0.000017 2
0.000005 308
0.000016 313
0.000011 305
0.000021 462
0.000010 158
0.000007 315
0.000009 153
0.000019 316
0.000010 156
0.000008 161
0.000018 461
0.000019 601
0.000017 419
0.000009 115
0.000009 272
0.000024 512
0.000009 258
0.000023 232
0.000053 867
0.000008 282
0.000008 377
0.000025 589
0.000008 230
0.000015 277
0.000025 642
0.000027 520
0.000009 177
0.000011 354
0.000036 883
0.000009 2
0.000008 177
0.000006 177
0.000022 531
0.000023 531
0.000017 531
0.000018 177
0.000007 309
0.000020 506
0.000022 531
0.000027 630
0.000008 310
0.000029 476
0.000018 517
0.000026 525
0.000023 507
0.000021 447
0.000008 177
0.000023 638
0.000011 277
0.000012 298
0.000024 415
0.000010 286
0.000020 299
0.000014 445
0.000027 297
0.000008 304
0.000023 605
0.000007 146
0.000023 600
0.000010 148
0.000008 153
0.000044 1052
0.000062 1483
0.000017 303
0.000009 301
0.000029 623
0.000019 473
0.000028 451
0.000011 304
0.000023 445
0.000006 145
0.000021 598
0.000025 455
0.000008 293
0.000021 461
0.000008 311
0.000008 151
0.000032 607
0.000021 623
0.000008 151
0.000012 149
0.000009 308
0.000020 442
0.000008 144
0.000007 308
0.000026 620
0.000024 618
0.000034 468
0.000024 633
0.000015 306
0.000009 155
0.000024 601
0.000014 285
0.000006 385
0.000019 503
0.000009 2
0.000007 143
0.000018 490
0.000010 139
0.000022 589
0.000007 139
0.000007 143
0.000017 399
0.000006 232
0.000017 474
0.000016 347
0.000008 2
0.000018 463
0.000010 153
0.000008 350
0.000022 177
0.000008 354
0.000007 177
0.000033 354
0.000025 531
0.000027 531
0.000056 531
0.000054 1062
0.000041 815
0.000046 885
0.000016 153
0.000022 300
0.000011 152
0.000008 158
0.000017 476
0.000022 358
0.000021 159
0.000016 364
0.000034 338
0.000008 179
0.000025 452
0.000008 146
0.000023 177
0.000011 183
0.000026 177
0.000024 415
0.000025 281
0.000031 432
0.000024 426
0.000025 299
0.000019 151
0.000020 294
0.000007 147
0.000006 150
0.000029 304
0.000008 153
0.000008 153
0.000031 299
0.000008 146
0.000006 145
0.000029 455
0.000024 301
0.000012 300
0.000031 449
0.000032 303
0.000008 147
0.000007 147
0.000027 296
0.000021 298
0.000023 298
0.000021 297
0.000019 303
0.000030 301
0.000008 175
0.000023 299
0.000033 460
0.000017 313
0.000025 300
0.000007 152
0.000008 152
0.000009 147
0.000035 298
0.000027 291
0.000010 305
0.000019 298
0.000040 304
0.000007 148
0.000023 293
0.000008 158
0.000007 155
0.000035 311
0.000008 151
0.000008 154
0.000029 453
0.000024 308
0.000034 315
0.000010 151
0.000022 457
0.000021 442
0.000020 144
0.000010 150
0.000024 471
0.000030 307
0.000008 158
0.000018 460
0.000008 154
0.000019 475
0.000007 155
0.000022 470
0.000032 308
0.000008 162
0.000022 147
0.000013 435
0.000026 527
0.000022 366
0.000011 282
0.000025 490
0.000010 139
0.000016 446
0.000018 425
0.000020 399
0.000013 232
0.000027 465
0.000018 233
0.000022 603
0.000021 445
0.000017 438
0.000024 449
0.000015 144
0.000008 147
0.000016 524
0.000024 566
0.000017 384
0.000018 451
0.000020 302
0.000008 147
0.000023 587
0.000012 302
0.000016 446
0.000035 561
0.000008 115
0.000006 232
0.000027 368
0.000008 117
0.000054 1229
0.000020 492
0.000014 301
0.000029 448
0.000011 447
0.000031 593
0.000022 445
0.000021 449
0.000018 446
0.000013 158
0.000012 289
0.000008 299
0.000022 366
0.000007 117
0.000060 1760
0.000007 147
0.000006 151
0.000020 445
0.000015 147
0.000007 299
0.000020 296
0.000015 449
0.000017 446
0.000020 447
0.000018 433
0.000019 464
0.000020 450
0.000021 446
0.000006 138
0.000012 314
0.000010 148
0.000016 447
0.000009 296
0.000019 446
0.000017 445
0.000023 449
0.000019 446
0.000021 447
0.000032 433
0.000025 349
0.000018 345
0.000017 337
0.000030 781
0.000026 595
0.000009 149
0.000027 593
0.000048 1340
0.516174 4095
0.000081 4095
0.000043 4095
0.000020 4095
0.000019 2628
0.000024 157
0.000046 827
0.000025 232
0.000035 781
0.000029 262
0.000064 430
0.000030 451
0.000030 300
0.000010 149
0.000017 297
0.000020 296
0.000007 149
0.000016 145
0.000006 146
0.000022 310
0.000009 298
0.000031 313
0.000033 431
0.000009 141
0.000038 432
0.000016 282
0.000087 144
0.000016 1331
0.000029 452
0.000022 354
0.000023 271
0.000021 303
0.000030 317
0.000021 184
0.000006 158
0.000006 153
0.000019 119
0.000017 316
0.000037 147
0.000032 147
0.000019 334
0.000019 162
0.000016 332
0.000027 179
0.000021 354
0.000017 177
0.000043 531
0.000008 177
0.000010 177
0.000021 177
0.000020 354
0.000028 354
0.000024 177
0.000045 531
0.000008 177
0.000009 177
0.000021 177
0.000007 177
0.000016 177
0.000009 177
0.000022 177
0.000035 531
0.000024 354
0.000029 311
0.000024 437
0.000016 147
0.000018 300
0.000022 301
0.000004 140
0.000020 136
0.000007 148
0.000012 303
0.000032 296
0.000007 150
0.000021 303
0.000008 149
0.000014 152
0.000008 151
0.000016 295
0.000023 443
0.000022 149
0.000009 148
0.000011 302
0.000026 448
0.000008 147
0.000013 149
0.000028 147
0.000019 294
0.000020 151
0.000043 301
0.000026 455
0.000018 293
0.000006 148
0.000027 471
0.000022 153
0.000018 305
0.000005 151
0.000029 766
0.000017 159
0.000010 307
0.000023 322
0.000016 599
0.000008 2
0.000012 295
0.000006 161
0.000014 298
0.000023 451
0.000006 151
0.000020 144
0.000018 453
0.000023 461
0.000011 153
0.000012 464
0.000017 308
0.000023 588
0.000012 298
0.000024 701
0.000026 561
0.000020 698
0.000005 115
0.000014 232
0.000014 343
0.000021 354
0.000008 119
0.000007 152
0.000021 620
0.000023 614
0.000023 463
0.000021 643
0.000018 334
0.000026 354
0.000030 531
0.000025 531
0.000021 531
0.000020 531
0.000022 531
0.000005 177
0.000016 354
0.000019 354
0.000007 177
0.000029 531
0.000012 177
0.000012 531
0.000025 748
0.000032 748
0.000021 578
0.000005 149
0.000022 446
0.000004 150
0.000027 605
0.000015 147
0.000024 740
0.000027 598
0.000024 596
0.000022 592
0.000020 301
0.000022 603
0.000027 606
0.000014 311
0.000021 305
0.000005 151
0.000007 150
0.000014 305
0.000020 470
0.000007 149
0.000027 480
0.000027 601
0.000005 144
0.000014 151
0.000021 307
0.000007 152
0.000013 151
0.000016 451
0.000029 597
0.000020 461
0.000015 308
0.000027 617
0.000006 177
0.000022 552
0.000007 157
0.000028 557
0.000020 703
0.000019 353
0.000010 232
0.000006 115
0.000008 230
0.000027 674
0.000013 140
0.000023 271
0.000026 303
0.000025 151
0.000025 350
0.000027 158
0.000015 272
0.000007 184
0.000027 132
0.000007 147
0.000021 316
0.000030 327
0.000028 334
0.000020 354
0.000022 177
0.000024 531
0.000020 177
0.000024 354
0.000024 354
0.000008 177
0.000053 885
0.000017 177
0.000024 354
0.000022 354
0.000027 354
0.000031 354
0.000020 354
0.000025 177
0.000030 488
0.000028 437
0.000027 301
0.000008 146
0.000008 163
0.000007 138
0.000027 276
0.000014 148
0.000012 303
0.000023 296
0.000022 300
0.000016 302
0.000019 152
0.000008 151
0.000017 295
0.000029 295
0.000007 148
0.000006 149
0.000007 148
0.000025 302
0.000034 448
0.000104 1189
0.000026 302
0.000022 446
0.000007 306
0.000016 466
0.000007 151
0.000035 913
0.000019 158
0.000021 466
0.000016 322
0.000017 443
0.000027 302
0.000023 458
0.000019 451
0.000020 447
0.000025 453
0.000023 614
0.000020 311
0.000007 306
0.000006 155
0.000014 177
0.000006 274
0.000006 137
0.000059 1298
0.000023 611
0.000020 232
0.000007 117
0.000016 460
0.000019 335
0.000007 109
0.000007 140
0.000007 119
0.000006 306
0.000013 149
0.000019 501
0.000020 430
0.000021 610
0.000023 496
0.000019 334
0.000022 531
0.000019 354
0.000007 354
0.000025 354
0.000017 354
0.000018 531
0.000018 354
0.000007 177
0.000017 531
0.000020 531
0.000024 354
0.000009 354
0.000026 531
0.000022 597
0.311153 4095
0.000083 4095
0.000052 4095
0.000023 4095
0.000036 2561
0.000022 598
0.000080 1640
0.000018 461
0.000031 157
0.000008 257
0.000022 234
0.000008 117
0.000009 115
0.000053 678
0.000015 136
0.000031 598
0.000010 298
0.000036 444
0.000037 297
0.000028 299
0.000018 296
0.000025 595
0.000006 145
0.000004 302
0.000020 294
0.000017 612
0.000029 717
0.000023 466
0.000021 464
0.000019 350
0.000016 148
0.000006 303
0.000017 147
0.000017 591
0.000030 747
0.000025 446
0.000021 590
0.000013 146
0.000005 158
0.000006 144
0.000016 295
0.000006 152
0.000018 467
0.000027 306
0.000020 374
0.000020 466
0.000015 232
0.000004 222
0.000017 239
0.000005 151
0.000018 298
0.000006 147
0.000024 740
0.000013 146
0.000009 302
0.000025 609
0.000016 349
0.000021 115
0.000005 232
0.000047 1356
0.000007 147
0.000005 294
0.000025 304
0.000009 299
0.000018 158
0.000008 411
0.000017 349
0.000006 115
0.000020 446
0.000025 728
0.000025 740
0.000006 146
0.000016 302
0.000023 724
0.000010 234
0.000030 804
0.000011 152
0.000016 278
0.000006 136
0.000018 436
0.000006 140
0.000023 573
0.000021 720
0.000012 289
0.000017 348
0.000006 116
0.000021 457
0.000021 607
0.000021 607
0.000037 909
0.000007 153
0.000021 607
0.000034 466
0.000025 655
0.000010 165
0.000028 631
0.000031 607
0.000025 302
0.000006 152
0.000018 455
0.000017 457
0.000005 302
0.000028 607
0.000029 607
0.000021 607
0.000016 305
0.000018 455
0.000021 631
0.000006 164
0.000005 162
0.000015 164
0.000008 329
0.000025 655
0.000008 162
0.000021 329
0.000031 819
0.000026 655
0.000006 162
0.000015 493
0.000018 326
0.000024 655
0.000011 165
0.000020 490
0.000023 491
0.000006 329
0.000018 490
0.000021 329
0.000020 491
0.000006 326
0.000021 329
0.000020 655
0.000012 326
0.000022 493
0.000022 491
0.000024 655
0.000018 326
0.000007 164
0.000016 165
0.000006 326
0.000019 329
0.000005 164
0.000019 467
0.000025 607
0.000016 302
0.000005 107
0.000017 381
0.000008 302
0.000017 304
0.000005 146
0.000016 154
0.000005 296
0.000024 596
0.000021 592
0.000007 151
0.000006 155
0.000012 295
0.000018 451
0.000006 148
0.000016 297
0.000007 296
0.000006 151
0.000025 693
0.000005 117
0.000019 466
0.000023 759
0.000014 249
0.000021 763
0.000010 232
0.000022 616
0.000006 150
0.000029 578
0.000006 153
0.000022 525
0.000019 557
0.000018 485
0.000023 727
0.000012 286
0.000017 457
0.000038 302
0.000018 597
0.000009 297
0.000029 604
0.000023 445
0.000015 301
0.000004 149
0.000137 3484
0.000023 710
0.000012 159
0.000006 138
0.000024 563
0.000027 618
0.000008 349
0.000006 116
0.000006 115
0.000067 1004
0.000009 164
0.000021 618
0.000023 267
0.000023 290
0.000032 620
0.000032 452
0.000007 140
0.000013 286
0.000021 304
0.000008 153
0.000014 153
0.000006 149
0.000023 446
0.000006 151
0.000036 901
0.000028 598
0.000019 593
0.000015 296
0.000016 145
0.000006 294
0.000021 301
0.000020 620
0.000007 158
0.000024 150
0.000007 294
0.000046 155
0.000019 299
0.000032 312
0.000013 164
0.000018 294
0.000030 140
0.000025 573
0.000018 277
0.000026 443
0.000018 314
0.000022 379
0.000018 233
0.000009 115
0.000017 115
0.000007 232
0.000005 232
0.000026 425
0.000023 675
0.000014 107
0.000025 557
0.000024 620
0.000025 452
0.000018 426
0.000017 457
0.000018 598
0.000021 450
0.000011 148
0.000018 604
0.000017 447
0.000016 299
0.000019 592
0.000022 588
0.000022 301
0.000020 620
0.000022 452
0.000010 305
0.000021 457
0.000010 318
0.000018 434
0.000025 435
0.000016 415
0.000020 615
0.000023 404
0.000016 465
0.000023 579
0.000025 425
0.000008 164
0.000020 511
0.000005 107
0.000034 731
0.000018 446
0.000005 163
0.000020 429
0.000016 286
0.000024 610
0.000013 445
0.000019 450
0.000021 301
0.000010 300
0.000018 453
0.000018 296
0.000009 297
0.000007 296
0.000020 296
0.000009 291
0.000005 148
0.000006 149
0.000018 311
0.000010 311
0.000017 458
0.394672 4095
0.000079 4095
0.000016 4095
0.000023 4095
0.000029 2025
0.000010 252
0.000028 143
0.000006 152
0.000026 678
0.000040 126
0.000036 457
0.000025 296
0.000059 735
0.000040 452
0.000010 149
0.000026 599
0.000009 2
0.000009 142
0.000026 349
0.000022 369
0.000007 230
0.000031 389
0.000042 814
0.000052 798
0.000006 231
0.000008 138
0.000007 140
0.000020 290
0.000028 300
0.000022 451
0.000029 296
0.000021 595
0.000030 291
0.000026 310
0.000022 453
0.000031 452
0.000007 278
0.000028 432
0.000031 426
0.000073 984
0.000016 347
0.000028 452
0.000040 761
0.000006 154
0.000024 300
0.000007 151
0.000018 449
0.000031 446
0.000005 147
0.000024 149
0.000044 1054
0.000033 452
0.000034 435
0.000021 415
0.000036 596
0.000028 442
0.000007 115
0.000020 349
0.000007 115
0.000026 452
0.000028 625
0.000016 136
0.000019 154
0.000007 151
0.000020 300
0.000022 449
0.000029 446
0.000031 441
0.000020 304
0.000027 450
0.000022 155
0.000045 887
0.000024 275
0.000017 282
0.000006 144
0.000024 310
0.000019 557
0.000025 349
0.000025 347
0.000026 443
0.000035 596
0.000008 151
0.000029 449
0.000022 430
0.000014 151
0.000024 447
0.000021 442
0.000025 446
0.000027 445
0.000020 145
0.000021 448
0.000026 304
0.000030 304
0.000006 155
0.000024 443
0.000019 277
0.000028 573
0.000014 140
0.000012 286
0.000026 299
0.000006 147
0.000023 232
0.000009 232
0.000007 115
0.000030 585
0.000036 897
0.000019 165
0.000010 304
0.000022 436
0.000013 136
0.000020 454
0.000028 446
0.000015 145
0.000021 445
0.000023 299
0.000024 441
0.000024 448
0.000057 921
0.000022 425
0.000023 435
0.000022 275
0.000027 426
0.000026 561
0.000019 234
0.000007 115
0.000014 115
0.000020 472
0.000024 356
0.000027 521
0.000021 135
0.000022 467
0.000029 436
0.000027 290
0.000021 451
0.000025 440
0.000016 149
0.000034 446
0.000016 149
0.000021 296
0.000036 449
0.000020 448
0.000024 459
0.000026 443
0.000024 418
0.000022 295
0.000021 277
0.000026 443
0.000025 521
0.000021 232
0.000022 470
0.000026 473
0.000031 369
0.000017 287
0.000028 467
0.000042 877
0.000007 149
0.000024 591
0.000008 147
0.000027 448
0.000034 590
0.000020 304
0.000008 144
0.000031 455
0.000024 466
0.000030 425
0.000022 435
0.000016 138
0.000020 419
0.000026 443
0.000026 496
0.000021 347
0.000022 355
0.000026 356
0.000012 116
0.000034 249
0.000021 278
0.000007 287
0.000017 303
0.000021 148
0.000027 598
0.000021 300
0.000024 745
0.000037 302
0.000022 448
0.000019 150
0.000014 293
0.000023 303
0.000020 315
0.000029 432
0.000019 436
0.000014 137
0.000019 426
0.000029 561
0.000015 234
0.000017 343
0.000026 348
0.000020 387
0.000024 427
0.000032 451
0.000020 450
0.000013 148
0.000020 447
0.000033 440
0.000020 460
0.000027 448
0.000026 443
0.000019 154
0.000021 464
0.000030 432
0.000027 436
0.000018 277
0.000014 142
0.000020 443
0.000028 496
0.000017 228
0.000024 347
0.000020 365
0.000007 138
0.000016 140
0.000005 136
0.000015 300
0.000026 451
0.000028 449
0.000025 300
0.000006 147
0.000013 149
0.000020 449
0.000032 451
0.000023 449
0.000017 149
0.000032 447
0.000024 315
0.000007 155
0.000011 140
0.000026 435
0.000018 415
0.000031 443
0.000020 519
0.000031 234
0.000019 460
0.000006 116
0.000015 107
0.000019 420
0.000027 436
0.000019 302
0.000030 450
0.000011 148
0.000018 447
0.000030 440
0.000020 460
0.000040 598
0.000020 447
0.000015 149
0.000024 470
0.000004 140
0.000017 137
0.000019 436
0.000028 419
0.000025 443
0.000029 496
0.000014 228
0.000016 232
0.000014 231
0.000015 107
0.000017 420
0.000024 287
0.000021 447
0.000023 446
0.000026 296
0.000011 145
0.000060 914
0.000019 154
0.000024 418
0.000008 157
0.000015 275
0.000072 1571
0.000025 455
0.000032 420
0.000020 136
0.000022 449
0.000022 446
0.000017 590
0.000019 304
0.000023 297
0.000023 313
0.000023 294
0.000019 573
0.000021 277
0.000030 443
0.000024 289
0.000018 349
0.000016 115
0.000015 352
0.000022 115
0.000028 365
0.000106 1899
0.000017 448
0.000030 308
0.000006 312
0.000025 277
0.000025 573
0.000024 282
0.000029 705
0.000023 349
0.000020 467
0.000022 223
0.000020 420
0.000026 287
0.000007 149
0.000028 296
0.000022 296
0.000010 291
0.000024 306
0.000006 2
0.000023 293
0.000018 312
0.000025 306
0.000017 418
0.000020 157
0.000015 275
0.288703 4095
0.000066 4095
0.000035 4095
0.000029 4095
0.000015 1882
0.000012 299
0.000030 605
0.000009 155
0.000007 147
0.000071 907
0.000010 148
0.000012 306
0.000026 299
0.000033 453
0.000028 300
0.000007 158
0.000023 311
0.000010 146
0.000008 161
0.000006 151
0.000032 438
0.000024 306
0.000021 467
0.000025 313
0.000053 751
0.000029 452
0.000032 304
0.000009 151
0.000023 461
0.000025 316
0.000076 795
0.000011 151
0.000010 160
0.000019 309
0.000009 155
0.000007 153
0.000024 453
0.000039 459
0.000026 295
0.000049 1483
0.000017 451
0.000015 311
0.000025 608
0.000018 313
0.000081 1553
0.000030 422
0.000006 137
0.000033 436
0.000062 862
0.000019 496
0.000023 346
0.000061 571
0.000016 340
0.000021 282
0.000008 158
0.000023 298
0.000008 151
0.000023 414
0.000024 447
0.000022 149
0.000009 147
0.000008 150
0.000008 149
0.000008 152
0.000007 148
0.000009 158
0.000024 304
0.000022 302
0.000016 153
0.000021 445
0.000030 316
0.000009 154
0.000022 301
0.000007 150
0.000021 148
0.000033 305
0.000010 147
0.000007 151
0.000023 455
0.000031 297
0.000010 154
0.000021 300
0.000007 156
0.000024 301
0.000010 153
0.000022 299
0.000007 146
0.000021 307
0.000010 151
0.000007 149
0.000007 158
0.000031 457
0.000030 312
0.000008 149
0.000022 289
0.000010 151
0.000007 155
0.000017 309
0.000025 471
0.000021 151
0.000011 154
0.000006 147
0.000007 150
0.000028 453
0.000032 301
0.000007 151
0.000007 151
0.000030 305
0.000007 156
0.000020 316
0.000008 159
0.000007 161
0.000027 318
0.000019 157
0.000010 151
0.000022 469
0.000029 460
0.000018 599
0.000015 161
0.000031 442
0.000042 738
0.000007 149
0.000016 303
0.000024 446
0.000020 151
0.000007 153
0.000022 312
0.000010 149
0.000007 152
0.000018 307
0.000024 327
0.000024 305
0.000020 150
0.000037 619
0.000022 462
0.000026 271
0.000007 137
0.000028 436
0.000007 137
0.000022 282
0.000008 144
0.000007 157
0.000029 404
0.000021 350
0.000025 347
0.000016 230
0.000025 341
0.000021 352
0.000028 609
0.000018 429
0.000012 284
0.000022 595
0.000022 150
0.000007 149
0.000007 152
0.000029 306
0.000010 153
0.000015 301
0.000020 305
0.000018 147
0.000169 1367
0.000032 305
0.000007 147
0.000007 151
0.000027 308
0.000029 297
0.000008 147
0.000028 454
0.000022 457
0.000039 598
0.000018 148
0.000017 459
0.000051 927
0.000020 294
0.000022 144
0.000019 462
0.000030 311
0.000018 313
0.000019 305
0.000006 147
0.000024 150
0.000021 300
0.000007 153
0.000008 148
0.000016 304
0.000018 456
0.000021 472
0.000019 480
0.000036 935
0.000025 460
0.000014 301
0.000016 298
0.000042 456
0.000020 293
0.000018 592
0.000032 294
0.000012 304
0.000023 300
0.000027 304
0.000008 312
0.000022 454
0.000011 313
0.000028 778
0.000023 462
0.000022 313
0.000029 282
0.000016 277
0.000033 298
0.000007 138
0.000008 137
0.000015 140
0.000018 286
0.000026 157
0.000007 142
0.000022 262
0.000006 117
0.000020 348
0.000007 115
0.000024 232
0.000009 228
0.000016 228
0.000030 352
0.000028 446
0.000023 314
0.000042 414
0.000027 298
0.000047 744
0.000025 300
0.000023 311
0.000024 301
0.000028 152
0.000006 300
0.000023 298
0.000020 470
0.000022 301
0.000024 449
0.000036 301
0.000013 151
0.000008 308
0.000027 444
0.000012 305
0.000034 759
0.000020 149
0.000006 150
0.000023 294
0.000029 310
0.000028 307
0.000023 457
0.000025 312
0.000030 438
0.000025 306
0.000027 467
0.000033 464
0.000036 451
0.000017 149
0.000020 304
0.000012 148
0.000020 304
0.000012 151
0.000009 305
0.000027 315
0.000021 477
0.000027 160
0.000010 158
0.000018 308
0.000022 316
0.000031 461
0.000035 453
0.000023 148
0.000020 311
0.000019 295
0.000008 147
0.000024 442
0.000034 296
0.000008 149
0.000027 449
0.000025 300
0.000029 304
0.000018 461
0.000027 305
0.000022 313
0.000029 329
0.000023 294
0.000008 155
0.000037 464
0.000028 311
0.000021 422
0.000025 278
0.000026 295
0.000029 277
0.000047 142
0.000029 590
0.000060 1042
0.000021 113
0.000027 451
0.000018 292
0.000024 296
0.000023 276
0.000024 300
0.000022 303
0.000025 294
0.000030 294
0.000010 146
0.000017 460
0.000019 448
0.000019 153
0.000024 443
0.000029 305
0.000022 312
0.000027 451
0.000006 140
0.000005 278
0.000011 157
0.000020 415
0.000021 443
0.000027 289
0.000018 349
0.000028 347
0.000019 228
0.000014 223
0.000021 139
0.000012 153
0.000018 296
0.000010 140
0.000022 436
0.000023 303
0.000008 147
0.000020 296
0.000024 291
0.000027 460
0.000032 298
0.000008 150
0.000021 302
0.000012 150
0.000039 449
0.000018 158
0.000006 154
0.000029 300
0.000009 151
0.000018 418
0.000027 295
0.000010 277
0.000024 286
0.000022 299
0.000026 611
0.000022 460
0.000018 223
0.000007 139
0.000014 311
0.000013 414
0.000017 300
0.000005 154
0.000011 296
0.000005 147
0.000012 294
0.000005 146
0.000012 309
0.000005 151
0.000014 298
0.000005 150
0.000005 302
0.000028 444
0.000015 313
0.000023 308
0.000023 437
0.000018 278
0.000021 572
0.000020 286
0.000013 299
0.000025 496
0.000017 347
0.000017 228
0.000016 223
0.000025 284
0.000008 276
0.000019 151
0.000014 149
0.000019 442
0.000020 297
0.000025 147
0.000007 150
0.000013 296
0.000008 149
0.000020 291
0.000022 158
0.000020 297
0.000016 157
0.000015 306
0.000022 158
0.000021 294
0.000027 435
0.000030 557
0.000014 144
0.000032 446
0.000032 464
0.000021 352
0.000072 1049
0.000012 149
0.000013 293
0.000008 297
0.000020 446
0.000017 445
0.000011 145
0.000030 758
0.289612 4095
0.000060 4095
0.000015 2124
0.000019 4095
0.000020 4095
0.000014 501
0.000032 611
0.000014 339
0.000007 145
0.000022 607
0.000007 148
0.000006 153
0.000008 148
0.000007 303
0.000031 599
0.000008 298
0.000022 149
0.000006 302
0.000016 147
0.000005 296
0.000028 731
0.000013 311
0.000017 312
0.000023 635
0.000027 484
0.000008 320
0.000020 464
0.000027 494
0.000025 630
0.000015 163
0.000020 493
0.000008 165
0.000016 340
0.000006 341
0.000007 160
0.000017 299
0.000005 140
0.000006 136
0.000043 592
0.000005 449
0.000018 445
0.000019 306
0.000033 594
0.000009 152
0.000008 299
0.000020 450
0.000031 590
0.000007 144
0.000022 586
0.000008 298
0.000024 482
0.000033 474
0.000020 278
0.000023 572
0.000008 286
0.000024 676
0.000007 115
0.000020 463
0.000006 110
0.000007 117
0.000006 182
0.000027 596
0.000007 232
0.000006 116
0.000009 230
0.000006 115
0.000018 456
0.000007 2
0.000021 454
0.000009 296
0.000007 300
0.000023 457
0.000021 451
0.000023 446
0.000022 753
0.000021 443
0.000015 304
0.000020 735
0.000035 777
0.000023 476
0.000020 170
0.000022 480
0.000007 317
0.000019 305
0.000008 334
0.000006 156
0.000037 639
0.000017 322
0.000024 676
0.000024 662
0.000023 562
0.000025 444
0.000008 147
0.000026 597
0.000006 2
0.000021 605
0.000023 295
0.000009 599
0.000007 152
0.000029 596
0.000030 581
0.000026 593
0.000009 298
0.000034 804
0.000013 137
0.000016 573
0.000024 583
0.000008 289
0.000020 230
0.000008 225
0.000026 580
0.000021 545
0.000009 233
0.000009 232
0.000023 574
0.000014 345
0.000007 115
0.000042 635
0.000010 150
0.000007 150
0.000021 457
0.000012 148
0.000006 303
0.000018 446
0.000007 153
0.000031 447
0.000010 449
0.000018 147
0.000020 576
0.000007 146
0.000018 469
0.000024 625
0.000025 646
0.000006 160
0.000015 158
0.000023 626
0.000024 648
0.000012 311
0.000025 486
0.000006 164
0.000027 517
0.000021 502
0.000022 457
0.000024 573
0.000019 442
0.000024 599
0.000012 148
0.000006 306
0.000013 299
0.000009 147
0.000037 751
0.000023 596
0.000030 726
0.000025 596
0.000022 316
0.000028 164
0.000025 334
0.000007 140
0.000021 435
0.000026 415
0.000020 286
0.000029 559
0.000008 2
0.000006 115
0.000029 335
0.000010 243
0.000020 227
0.000033 545
0.000024 350
0.000027 461
0.000027 343
0.000009 230
0.000024 336
0.000008 135
0.000009 161
0.000030 565
0.000009 149
0.000006 298
0.000008 147
0.000019 446
0.000020 440
0.000008 158
0.000028 605
0.000028 312
0.000099 1581
0.000017 142
0.000027 496
0.000023 347
0.000023 386
0.000077 816
0.000039 576
0.000026 595
0.000029 296
0.000006 149
0.000017 145
0.000021 448
0.000024 306
0.000027 313
0.000008 154
0.000045 566
0.000033 714
0.000019 443
0.000029 262
0.000010 232
0.000009 117
0.000026 347
0.000031 271
0.000007 161
0.000016 356
0.000029 299
0.000008 140
0.000007 136
0.000004 151
0.000026 298
0.000006 149
0.000007 147
0.000028 299
0.000015 147
0.000022 294
0.000008 146
0.000007 158
0.000035 605
0.000020 312
0.000022 288
0.000020 278
0.000025 432
0.000018 140
0.000005 142
0.000023 443
0.000030 379
0.000005 117
0.000018 347
0.000018 238
0.000005 148
0.000022 313
0.000008 153
0.000005 152
0.000026 314
0.000006 165
0.000025 490
0.000027 329
0.000006 162
0.000022 329
0.000006 164
0.000023 326
0.000006 165
0.000023 478
0.000032 455
0.000028 305
0.000007 152
0.000027 373
0.000019 324
0.000028 333
0.000008 153
0.000035 493
0.000026 317
0.000021 356
0.000024 433
0.000116 1469
0.000042 583
0.000028 299
0.000011 148
0.000024 452
0.000028 453
0.000033 457
0.000084 1869
0.000016 149
0.000021 441
0.000006 146
0.000006 158
0.000031 297
0.000008 155
0.000006 158
0.000033 301
0.000008 151
0.000005 180
0.000025 374
0.000024 464
0.000014 228
0.000021 223
0.000018 324
0.000034 486
0.000037 493
0.000025 496
0.000029 325
0.000010 143
0.000008 142
0.000099 1469
0.000020 434
0.000004 149
0.000012 151
0.000022 148
0.000007 148
0.000006 147
0.000027 305
0.000016 298
0.000021 308
0.000021 304
0.000029 296
0.000009 153
0.000004 157
0.000029 337
0.000021 331
0.000015 149
0.000006 149
0.000007 147
0.000016 150
0.000018 296
0.000019 294
0.000006 146
0.000034 302
0.000029 466
0.000028 301
0.000005 151
0.000017 322
0.000037 464
0.000019 232
0.000008 115
0.000020 486
0.000039 507
0.000026 488
0.000023 158
0.000007 160
0.000021 336
0.000033 177
0.000134 433
0.000023 146
0.000010 144
0.000007 148
0.000006 148
0.000019 148
0.000008 149
0.000020 298
0.000007 145
0.000022 287
0.000015 142
0.000007 148
0.000007 149
0.000024 299
0.000022 295
0.000007 151
0.000042 301
0.000024 306
0.000026 457
0.000029 449
0.000032 318
0.000010 176
0.000005 180
0.000022 151
0.000006 149
0.000023 296
0.000014 299
0.000014 147
0.000021 294
0.000009 146
0.000007 158
0.000005 144
0.000030 308
0.000008 158
0.000021 301
0.000009 151
0.000006 180
0.000025 257
0.000010 234
0.000028 347
0.000010 228
0.000029 373
0.000025 350
0.000055 963
0.000021 157
0.000031 504
0.000013 285
0.000021 290
0.000025 444
0.000021 297
0.000033 438
0.000010 286
0.000024 297
0.000027 299
0.000014 148
0.000019 298
0.268405 4095
0.000055 4095
0.000016 4095
0.000022 4095
0.000070 2687
0.000023 318
0.000040 336
0.000033 177
0.000036 433
0.000019 290
0.000021 148
0.000006 148
0.000019 148
0.000007 149
0.000010 148
0.000030 295
0.000008 143
0.000024 286
0.000017 297
0.000021 299
0.000021 446
0.000029 607
0.000032 457
0.000033 449
0.000026 318
0.000033 356
0.000010 151
0.000008 149
0.000006 149
0.000023 593
0.000029 294
0.000010 146
0.000010 302
0.000024 153
0.000008 155
0.000026 312
0.000192 1767
0.000043 968
0.000022 335
0.000006 317
0.000027 504
0.000008 285
0.000027 586
0.000029 297
0.000018 443
0.000041 577
0.000026 300
0.000033 443
0.000029 305
0.000008 147
0.000020 306
0.000007 153
0.000022 304
0.000007 152
0.000024 454
0.000030 337
0.000014 180
0.000023 449
0.000022 446
0.000028 296
0.000007 145
0.000024 448
0.000030 466
0.000006 154
0.000023 147
0.000021 473
0.000029 579
0.000019 345
0.000009 223
0.000024 150
0.000023 350
0.000022 310
0.000016 158
0.000007 177
0.000025 475
0.000031 356
0.000007 148
0.000021 285
0.000006 146
0.000021 440
0.000029 295
0.000008 2
0.000010 148
0.000024 295
0.000014 143
0.000021 434
0.000026 300
0.000006 148
0.000023 600
0.000019 606
0.000006 151
0.000024 602
0.000041 318
0.000036 356
0.000006 151
0.000020 445
0.000018 299
0.000027 147
0.000032 440
0.000031 455
0.000026 313
0.000008 154
0.000019 298
0.000027 180
0.000009 142
0.000010 232
0.000027 232
0.000019 347
0.000023 336
0.000009 150
0.000016 174
0.000015 176
0.000025 468
0.000033 495
0.000034 336
0.000010 177
0.000011 291
0.000016 142
0.000024 438
0.000028 296
0.000018 297
0.000025 295
0.000025 577
0.000033 448
0.000028 295
0.000009 151
0.000023 301
0.000007 151
0.000056 1555
0.000023 629
0.000028 297
0.000010 149
0.000011 296
0.000034 449
0.000034 452
0.000030 459
0.000028 331
0.000024 491
0.000026 347
0.000025 451
0.000018 150
0.000032 174
0.000007 176
0.000017 310
0.000015 335
0.000017 475
0.000018 504
0.000028 575
0.000019 593
0.000010 148
0.000017 150
0.000007 145
0.000023 429
0.000025 448
0.000029 296
0.000010 147
0.000014 151
0.000017 452
0.000038 308
0.000032 304
0.000007 152
0.000023 454
0.000029 337
0.000024 331
0.000024 298
0.000022 446
0.000045 587
0.000007 158
0.000016 297
0.000021 155
0.000016 312
0.000020 478
0.000027 374
0.000022 464
0.000024 451
0.000027 324
0.000022 333
0.000020 311
0.000032 335
0.000021 317
0.000025 356
0.000022 291
0.000023 432
0.000027 296
0.000007 148
0.000022 297
0.000007 150
0.000023 432
0.000029 439
0.000027 151
0.000009 148
0.000007 148
0.000005 147
0.000026 452
0.000029 306
0.000015 304
0.000024 305
0.000008 144
0.000010 153
0.000005 157
0.000028 337
0.000025 480
0.000036 296
0.000010 150
0.000023 149
0.000007 147
0.000025 598
0.000008 144
0.000007 153
0.000022 614
0.000016 331
0.000007 142
0.000017 349
0.000008 230
0.000023 568
0.000019 500
0.000005 157
0.000025 311
0.000027 652
0.000027 179
0.000014 177
0.000014 291
0.000025 432
0.000017 148
0.000021 445
0.000032 586
0.000007 144
0.000017 590
0.000031 594
0.000009 299
0.000007 153
0.000030 612
0.000007 152
0.000029 791
0.000031 480
0.000026 296
0.000006 150
0.000022 445
0.000027 291
0.000006 158
0.000016 297
0.000018 155
0.000024 459
0.000024 331
0.000034 257
0.000017 349
0.000021 232
0.000021 380
0.000027 305
0.000010 150
0.000006 152
0.000007 153
0.000022 454
0.000025 305
0.000008 150
0.000021 305
0.000007 152
0.000025 455
0.000021 302
0.000020 404
0.000025 290
0.000012 140
0.000006 136
0.000024 431
0.000017 137
0.000008 141
0.000007 157
0.000028 415
0.000025 286
0.000018 299
0.000021 263
0.000020 347
0.000025 419
0.000027 187
0.000019 283
0.000019 119
0.000006 290
0.000028 276
0.000008 144
0.000012 145
0.000027 424
0.000018 436
0.000021 137
0.000006 140
0.000017 443
0.000035 521
0.000019 232
0.000022 540
0.000030 286
0.000016 145
0.000005 151
0.000008 144
0.000023 304
0.000023 258
0.000013 116
0.000006 116
0.000012 232
0.000022 220
0.000007 176
0.000011 226
0.000026 422
0.000022 147
0.000022 295
0.000023 446
0.000026 220
0.001020 158
2.102516 1
0.289080 1
0.109905 1
0.051052 1
1.049753 1
0.220069 1
0.180035 1
0.349878 1
0.160052 1
0.130108 1
0.089835 1
0.079973 1
0.093069 1
0.579926 1
0.087053 1
0.092950 1
0.150055 1
0.129903 1
0.261027 1
0.249096 2
0.093177 181
0.012920 914
0.000365 158
2.760294 1
0.289969 1
0.149856 1
0.090028 1
0.280022 1
0.502830 1
0.157014 1
0.303056 1
0.169960 1
0.139965 1
0.070080 1
0.559895 1
0.110003 1
0.240047 1
0.069973 1
0.091050 1
0.164846 1
0.151925 1
0.222047 1
0.239971 2
0.079540 914
0.000441 158
5.759538 1
0.154017 1
0.216022 23
0.081802 565
0.000019 172
0.000050 257
0.000035 28
0.000509 158
16.585444 1
0.187620 1
0.100060 1
0.067903 1
0.122015 2
0.000080 6
